M:384 12 N:8 7 H:2,0,354 [2184]
  -1   1   0  1  -1   0   1
   0   0   1  0  -1   0   0
   0   0   0  1   0  -1   0
   2  -1   0  0   1  -1  -2
  -2   3  -1  1  -1   3   1
M:339 10 N:8 7 H:2,0,314 [1944]
  -1   1  -1  -1   1  -1  1
   1   0  -1   0   0   0  0
  -1   0   0  -1   0   0  1
  -1  -1   1   0  -2   2  0
  -3   3  -1   0   1  -2  1
M:259 6 N:8 6 H:2,0,250 [1560]
  -1  1  -1   1  -1   1
   0  0   1   0  -1   0
   0  0   0   1  -1   0
   2  0   0  -1   1  -2
  -2  3  -1   1  -1   1
M:390 12 N:8 7 H:2,0,360 [2220]
  -1   1   0   1   0  -1   1
   0   0   1  -1   0  -1   0
   0   0   0   1  -1   0   0
   2  -1   0  -1  -1   1  -2
  -2   3  -1   1   3  -1   1
M:378 12 N:8 7 H:2,0,350 [2160]
  -1   1   0  -1  -1   1  1
   0   0   1  -1   0   0  0
  -1   0   0   0   0   0  1
  -1  -1   0   1   2  -2  0
  -2   3  -1  -1  -2   1  1
M:378 10 N:8 7 H:2,0,350 [2160]
  -1   1   0  1  -1   1   0
   0   0   1  0  -1   0   0
   0   0   0  1   0   0  -1
   2  -1   0  0   1  -2  -1
  -2   3  -1  1  -1   1   2
M:381 12 N:8 7 H:2,0,353 [2178]
  -1   1   0  1  -1   0   1
  -1   0   1  0   0   0   0
   0   0   0  1   0  -1   0
   1  -1   0  0   2  -1  -2
  -2   3  -1  1  -2   3   1
M:400 12 N:8 7 H:2,0,366 [2256]
  -1   0   0   2  -1   1   1
   0   0   1   0  -1   0   0
   0  -1   0   1   0   0   0
   2  -1   0  -1   1  -2  -1
  -2   4  -1   3  -1   1   3
M:379 12 N:8 7 H:2,0,351 [2166]
  -1   1   0   1   0   1  -1
   0   0   1   0   0   0  -1
   0   0   0   1  -1   0   0
   2  -1   0  -1  -1  -2   1
  -2   3  -1  -1   3   1  -1
M:375 10 N:8 7 H:2,0,346 [2136]
  -1  -1   1   1   0   1  -1
   0  -2   0   0   1   0   0
   0  -1   1   0   0   0   0
   2   0  -1  -1   0  -2   1
  -2   3   1   1  -1   1  -1
M:433 12 N:8 7 H:2,0,396 [2436]
  -1   1   0  1   1  -1   0
  -1   0   1  0   0  -1   0
   0   0   0  1   0   0  -1
   2  -1   0  0  -2   1  -1
  -2   3  -1  1   2  -1   3
M:378 7 N:8 7 H:2,0,350 [2160]
  -1   1   0  1  -1   1  -1
   0   0   1  0  -1   0  -1
   0   0   0  1  -1   0   0
   2  -1   0  0  -1  -2   1
  -2   3  -1  1  -1   1  -1
M:378 6 N:8 6 H:2,0,350 [2160]
  -1   1   0   3  -1  -1
   0   0   1   0   0  -1
   0   0   0   1  -1   0
   2  -1   0  -1  -3   1
  -2   3  -1   1   1  -1
M:402 12 N:8 7 H:2,0,370 [2280]
  -1   1  -1  -1   1   0   1
   0  -1  -1  -1   0   1   0
   0   0  -1   0   1   0   0
   2  -1   0   1  -1   0  -2
  -2   3   1   0   1  -1   1
M:440 12 N:8 7 H:2,0,404 [2484]
  -1   0   0  -1  1   1   1
  -1  -1   1   0  0   0   0
   0  -1   0   0  1   0   0
   1  -1   0   2  0  -2  -1
  -2   4  -1  -2  1   1   3
M:318 10 N:8 7 H:2,0,298 [1848]
  -1   1   0  1  -1   1  -1
   0   0   1  0   0   0  -1
   0   0   0  1  -1   0   0
   2  -1   0  0  -1  -2   2
  -2   3  -1  1  -1   1  -1
M:272 12 N:8 7 H:2,0,252 [1572]
  -1   1   0  1  -1   1  -1
   0   0   1  0  -1   0   0
   0   0   0  1   0   0  -1
   2  -1   0  0   3  -2  -1
  -2   3  -1  1  -1   1  -1
M:407 7 N:8 7 H:2,0,370 [2280]
  -1   1   0   1   1  -1  -1
   0   0   1  -1   0  -1   0
  -1   0   0   1   0   0  -1
  -2  -1   0   0  -2   2  -1
  -2   3  -1   2   1  -1   0
M:428 12 N:8 7 H:2,0,390 [2400]
  -1   1  -1   2   0   0   1
   0   0  -1   0   4   1   0
   0   0   0   1  -1   0   0
   2  -1   1  -2  -1   0  -2
  -2   3  -1   1  -1  -1   1
M:353 12 N:8 7 H:2,0,324 [2004]
  -1   0  -1   0   1   1   1
   0   0  -1   3   0   0   0
   0  -1   0  -2   1   0   0
   2   0   1   0  -1  -2  -1
  -2   3  -1  -1   1   1   3
M:468 6 N:8 6 H:6,0,426 [2640]
   1  -1  -1  1   1  -1
   0   4  -1  0   0   0
   0  -1   0  1   0   0
  -1   0   1  0  -2   2
   3  -3  -1  0   1  -2
M:471 10 N:8 7 H:2,0,432 [2652]
  -1   0   0   1  -1   1   1
   0   0   1   0  -1   0   0
   0  -1   0   1   0   0   0
   2  -1   0  -2   1  -1  -2
  -2   3  -1   1  -1   1   2
M:450 10 N:8 7 H:2,0,414 [2544]
  -1   1   0   1   1   0  -1
   0   0   1   0   0   0  -1
   0   0   0   1  -1  -1   0
   2  -1   0  -3  -2   0   1
  -2   3  -1   1   1  -1  -1
M:378 10 N:8 7 H:2,0,350 [2160]
   1  -1   0  -1  -1   1   1
   0   0   1  -1   0   0   0
   1  -1   0   0   0   0   0
   0   0   0   1   2  -2  -1
  -3   3  -1  -1  -2   1   3
M:325 12 N:8 7 H:2,0,302 [1872]
   0  -1  1  -1   0   1   1
   1   0  0   0  -1   0   0
   0  -1  1   0   0   0   0
   0  -1  0   2   1  -1  -2
  -3   3  1  -2  -1  -1   1
M:426 10 N:8 7 H:2,0,391 [2406]
  -1   1   0  1   0   1   0
   0   0   1  0  -1   0   0
   0   0   0  1   0   0  -1
   2  -1  -2  0   1  -2  -1
  -2   4  -1  1   0   1   3
M:406 10 N:8 7 H:2,0,375 [2310]
  -1   1   0   1   0  -1   1
   0   0   1   0   0  -1   0
   0   0   0   1  -1   0   0
   2  -1   0  -1  -1   1  -2
  -3   3  -1  -1   3  -1   3
M:212 12 N:8 7 H:2,0,192 [1212]
  -1   4  -1   0   0   0  1
   0   0   1   0  -1   0  0
   0   1   0  -1   0   0  0
   1  -2   0   2   0  -1  0
  -2   2   0  -1   1   1  0
M:427 12 N:8 7 H:2,0,392 [2412]
   0  -1  1   0   0   0  -1
  -1   0  0  -1   0   0   1
   0   0  0   1   0  -1   0
   0   1  0  -2  -1   2   0
   1  -2  0   1   1  -1   0
M:487 9 N:8 7 H:2,0,442 [2712]
  -2   0  -1   0  1   0   0
   0   0   1   0  0  -1   0
   0   1   0  -1  0   0   0
   1  -2  -1   2  0  -1  -1
  -2   2   0  -1  0   1   1
M:395 8 N:8 7 H:2,0,362 [2232]
   0   0   0  1  -1   0   0
   0   0  -1  0   2   0   0
   0   1  -2  0   3   0  -1
   1  -2  -1  0   1  -1   2
  -2   2   1  0   0   1  -1
M:371 12 N:8 7 H:2,0,344 [2124]
   0   0  -1   0  1   0   0
   0   0   1  -1  0   0   0
   0   1   0   0  0   0  -1
   1  -2   0  -1  0  -1   2
  -2   2   0   1  0   1  -1
M:462 7 N:8 7 H:2,0,422 [2592]
  -1  -1  -1  1   0   0   0
   0   0   1  0  -1   0   0
   0   1   0  0   0   0  -1
   1  -2   0  0   0  -1   2
  -2   2   0  0   1   1  -1
M:354 7 N:8 7 H:2,0,329 [2034]
   0   0  -1  1   0   0  -2
   0   0   1  0  -1   0   0
   0   1   0  0   0  -1   0
   1  -2  -1  0   0   2  -1
  -2   2   0  0   1  -1   1
M:371 10 N:8 7 H:2,0,344 [2124]
   0   0  -1   0   0  1   0
   0   0   1  -1   0  0   0
   0   1   0   0   0  0  -1
   1  -2   1   0  -1  0   2
  -2   2  -2   1   1  0  -1
M:427 8 N:8 7 H:2,0,392 [2412]
   0   0  -1   0   1   0   0
   0   0   1  -1   0   0   0
   0   1   0   0   0  -1   0
   1  -2  -1   0   0   2  -1
  -2   2   0   1  -1  -1   1
M:350 12 N:8 7 H:2,0,326 [2016]
   0   0  -1   0   1   0   0
   0   0   1  -1   0   0   0
   0   1   0   0   0  -1   0
   1  -2   0   0   0   2  -1
  -2   2   0   1  -1  -1   1
M:591 9 N:8 7 H:2,0,536 [3276]
   0   0  -1   0  1   0   0
   0   0   1  -1  0   0   0
   0   1   0  -1  0  -1   0
   1  -2   0   0  0   2  -1
  -2   2   0  -1  0  -1   1
M:387 10 N:8 7 H:2,0,357 [2202]
  -1  -1  1   0   0   0  -1
   0   1  0   0   0  -1   0
   1   3  0  -1   0  -2   0
  -2   0  0   2  -1   0   1
   2  -2  0  -1   1   1  -2
M:462 9 N:8 7 H:2,0,422 [2592]
  -2   0  -1   0  1   0   0
   0   0   1   0  0   0  -1
   0   1   0  -1  0   0   0
   1  -2   1   2  0  -1  -1
  -2   2  -1  -1  0   1   1
M:390 10 N:8 7 H:2,0,360 [2220]
  -1  -3   3   0   0  1   0
  -1   0   1   0   0  0   0
   0   0   0   1   0  0  -1
   0   1   1  -2  -1  0   2
   1  -2  -1   1   1  0  -1
M:647 12 N:8 7 H:2,0,587 [3582]
  -1   0  -1   4   0   0  1
   0   0   1   0  -1   0  0
   0   1   0  -1   0   0  0
   1  -2   0   2   0  -1  0
  -2   2  -1  -1   1   1  0
M:234 12 N:8 7 H:2,0,214 [1344]
  -1   0  -1   3   0   0  1
   0   0   1   0  -1   0  0
   0   1   0  -1  -1   0  0
   1  -2   1   2   0  -1  0
  -2   2  -1  -1   1   1  0
M:346 12 N:8 7 H:2,0,321 [1986]
   0  -1   0  -1  1  -1  0
   0   1  -1   0  0   0  0
   1  -1   0   0  0  -1  0
  -2   1   0   1  0   2  0
   2  -3   1  -2  0  -1  1
M:397 8 N:8 7 H:2,0,364 [2244]
  -1   0  -1   0  -1   0  1
   0   0   1  -1   0   0  0
   0   1  -1   0   0  -1  0
   1  -2   0   0  -1   2  0
  -2   2  -1   1   1  -1  0
M:462 6 N:8 6 H:2,0,422 [2592]
  -1   0  -1   0  1   0
   0   0   1  -2  0   0
   0   1   0  -1  0   0
   1  -2   0   2  0  -1
  -2   2   0   0  0   1
M:495 8 N:8 7 H:2,0,450 [2760]
   0  -1   0  1  -1   0  -1
   0   0   1  0  -1   0   0
   0   1  -2  0   0  -1   0
   1  -2   2  0   0   2  -1
  -2   2   0  0   1  -1   1
M:366 12 N:8 7 H:2,0,333 [2058]
  -1   0  -1  1   0   0   0
   0   0   1  0  -1   0  -1
   0   1   0  0   0   0  -1
   1  -2   0  0  -2  -1   2
  -2   2   0  0   2   1  -1
M:491 10 N:8 7 H:2,0,450 [2760]
   0   0  1  -1   0   0   0
   0  -1  0   1   0   0   0
   1   0  0  -2   0   0  -1
  -1   0  0   2   1  -1   1
   2  -3  0   0  -2   1  -2
M:262 12 N:8 7 H:2,0,244 [1524]
   0   1  -1   0  1   0   0
   0   0   1  -1  0   0   0
   0   1   0   0  0   0  -1
   1  -1   0  -1  0  -1   2
  -2   2   0   1  0   1  -1
M:570 9 N:8 7 H:2,0,518 [3168]
  -1   0  1  -1   0   0   0
   0  -2  0   1   0   0  -1
   0   1  0   0  -1   0   0
   1  -2  0   0   2  -1   0
  -2   2  0   0  -1   1   0
M:435 12 N:8 7 H:2,0,401 [2466]
  0  -1  -1  1   0   0   0
  0   0   1  0  -1   0  -1
  1   0   0  0   0   0  -1
  0   1   0  0   0  -1   2
  1  -2  -1  0   1   1  -1
M:478 12 N:8 7 H:2,0,438 [2688]
  -1  -1   0   4  -1   0  1
   0   0   1   0  -1   0  0
   0   1   0  -1   0   0  0
   1  -2   0   2   0  -1  0
  -2   2  -1  -1   1   1  0
M:321 6 N:8 6 H:2,0,304 [1884]
  -1   0   0  -1  1   0
   0   0  -1   2  0   0
   0   1   0   0  0  -1
   1  -2  -1   0  0   2
  -2   2   1   0  0  -1
M:457 12 N:8 7 H:2,0,418 [2568]
   0  -1  1   0   0  -1   0
  -1   0  0   0  -1   1   0
   0   0  0  -1   1   2   0
   0   1  0   2  -1  -2  -1
   1  -2  0  -1   1   0   1
M:346 12 N:8 7 H:2,0,321 [1986]
   1   0  -1   0   0   0  1
   0  -1   1   0   0   0  0
   0   0   0   1   0  -1  0
   1  -1   0  -1  -1   2  0
  -2   2  -1   1   1  -1  0
M:312 6 N:8 6 H:2,0,286 [1776]
   0   1   3  -1  1  -3
   0   2   1  -1  0   0
   0  -1   0   1  0  -2
   0   1  -1   0  0   0
  -1   4   0  -1  1   1
M:312 7 N:8 7 H:2,0,286 [1776]
  -2   1  1  -1   0   0   0
  -1   2  0   0   1   0  -1
   0  -1  0  -1   0   0   1
   0   1  0   0  -1   0   0
  -1   4  1   1   0  -1  -1
M:219 10 N:8 7 H:2,0,204 [1284]
   0  1   0  -1   1  -1   1
   0  0  -1  -1   2   0   1
   0  0   0   1  -1  -1   0
   0  0   0   0   1   0  -1
  -1  1   1  -1   0   1   0
M:223 6 N:8 6 H:2,0,220 [1380]
  -1   1   3  -1  -1  1
   0   2   1  -1   0  0
   0  -1   0   1  -1  0
   0   1  -1   0   0  0
  -3   4   0  -1   1  1
M:468 10 N:8 7 H:2,0,426 [2616]
   0  -1  -1  -1  1   3   1
   0   0  -1   0  0   2   1
   0  -1   1   0  0  -1   0
   0   0   0  -1  0   1  -1
  -1   3  -1   1  1   0   0
M:407 6 N:8 6 H:2,0,370 [2280]
  -1   1  1  -1  -3   0
   0   1  0  -1   2   0
  -1   0  0   1  -1   0
   0  -1  0   0   2   0
  -3   4  1  -1   3  -1
M:397 10 N:8 7 H:2,0,364 [2244]
  -1   4  -1  1  -2   0  -1
   0   1  -1  0   1   0   0
  -1   2   1  0  -1   0   0
   0  -1   0  0   1   0   0
  -2   4  -1  1   3  -1  -1
M:299 10 N:8 7 H:2,0,277 [1722]
   0   4  -1  1  -1   2  -1
   0   2   0  0   0   1  -1
   0  -1  -1  0   0   0   1
   0  -1   0  0  -1   1   0
  -1   3   1  1   1  -1  -1
M:273 8 N:8 7 H:2,0,251 [1566]
   1   0   0  -1   0   0  0
  -1   1   2   0   0   0  0
  -1   2   1   0   1  -1  1
   0  -1  -1   0   1   0  0
  -1   2   0   0  -1   0  1
M:1081 6 N:8 6 H:1,0,935 [5664]
  -1  -1   2  -1   0   0
  -1   3  -1   0   0   0
   0   2  -1   0   0   0
   1   2  -2   3   2  -1
   1  -2   1   0  -1   0
M:1167 6 N:8 6 H:1,0,1009 [6108]
  -1  -2   2  -1   0   0
  -1   3  -1   0   0   0
   0   2  -1   0   0   0
   1   2   0   1   2  -1
   1  -2   1   0  -1   0
M:403 10 N:8 7 H:2,0,370 [2280]
  -1  -2   2   1   0  -1  -1
  -1   3   0  -1   0  -1   0
   0   2   0  -1   0   0   0
   1  -2   2   0  -1   4   1
   1  -2  -1   1   0   0   0
M:984 6 N:8 6 H:1,0,851 [5160]
   2  -1  -1   1   0   0
  -1   3   0  -1   0   0
   0   2   0  -1   0   0
   2  -1   0   4  -1   0
   2  -2   0   1   0  -1
M:486 10 N:8 7 H:2,0,444 [2724]
  -2   2  -1   0   1  0   0
   3  -1   0   0  -1  0   0
   2  -1   0  -1   0  0   0
  -3   4   0   0   1  1  -1
  -2   1   0  -1   1  0   0
M:299 8 N:8 7 H:2,0,276 [1716]
   0   1  0   0  -1   2  -1
   0  -1  1   1   0  -1  -1
   0   0  0   1   0   0  -1
   0   0  0   2   2  -3  -1
  -1   2  1  -1   0   1   0
M:434 12 N:8 7 H:2,0,398 [2448]
   0   2  0  -1   0   0   1
   0  -1  1  -1   1   0   0
   0   0  1  -1   0   0   0
   0  -3  2  -1   0   1  -1
  -1   4  0   0  -1  -1   1
M:894 6 N:8 6 H:4,0,804 [4896]
   0  0  -1   0   2  -1
   0  1  -2   1   0  -3
   0  0   0   1   0  -1
   0  0   2   2  -3  -1
  -1  1   0  -1   1   0
M:193 9 N:8 7 H:2,0,176 [1116]
   0  0  -1  -1   1  -1   2
   0  1   0   1   0  -1  -1
   0  0  -1   1   0  -1   0
   0  0   2   2  -1  -1  -3
  -1  2   0  -1   1   0   1
M:231 8 N:8 7 H:2,0,212 [1332]
   0   2  -1  0   1  -1   0
   1   0  -1  1   0  -1   0
   1   0   0  0   0  -1   0
   1  -3   2  0  -1  -1   0
  -3   2   0  1   1  -2  -1
M:246 6 N:8 6 H:2,0,236 [1476]
  -1  0  -1   2   0   0
  -1  1   0  -1   1   0
  -1  0   0   0   1   0
  -1  0   2  -2   1   0
  -2  3   0   1  -1  -1
M:228 8 N:8 7 H:2,0,210 [1320]
   0   0   1   0   1  -2  -1
   0  -1   0  -2  -1   3   1
   0   1   0  -1   0   1   0
   0   0  -1   1   1  -1   0
  -1   3   1  -1  -1   2   0
M:299 10 N:8 7 H:2,0,276 [1716]
   0  -3  -1   0   1   0   1
   0   0   1  -1   0   0  -1
   0   1   0   1   0  -1   0
   0   0   0  -1  -1   1   1
  -1   2   0   2   1   0  -1
M:309 8 N:8 7 H:2,0,282 [1752]
  -1   1   0  -2   0   0   1
   1   0  -1   1   0   0  -1
   0   0   1   1  -1   0   0
   0  -1   0  -3   1   0   1
  -2   3   1   2   0  -1   1
M:172 8 N:8 7 H:2,0,158 [1008]
   0   1  -2   0  -1   1   0
   0   0   1   0   1  -1  -1
   0   0   1  -1   0   0   1
   0  -1  -1   1   0   1  -2
  -1   3   1  -1  -1  -1   1
M:351 8 N:8 7 H:2,0,322 [1992]
   0   0   1   1   0  -1  -1
   0  -1   0  -1   0   1   0
   0   1   0   0   1   0  -1
   0   0  -1   1  -1   0   1
  -1   3   1  -1   1  -1  -1
M:211 7 N:8 7 H:2,0,196 [1236]
   0  -2   1   0  -1   0   1
   0   1   0   0   1  -1  -1
   0   1   0  -2   0   1   0
   0  -1  -1   1   0   0   1
  -1   2   1   0   0   1  -1
M:171 10 N:8 7 H:2,0,158 [1008]
  -1  -2   0   0   1   1  -1
   1   1  -1   0   0  -1   0
   0   1   1  -1   0   0   0
   0  -1   0   1  -1   1   0
  -2   2   1  -1   2  -1  -1
M:383 10 N:8 7 H:2,0,354 [2184]
   0  -1  -2   0   1   1  -1
  -1  -1   1   0   0  -1   1
   0   1   1  -1   0   0   0
   0   0  -1   1  -1   1   0
  -1   1   1  -1   1  -1   0
M:311 8 N:8 7 H:2,0,284 [1764]
  -1   0  1   0   1  -2  -1
   0  -1  1   0   0   1   1
   0   1  0  -1   0   1   0
   0   0  1   1  -1  -1   0
  -1   1  0  -1   1   1   0
M:129 12 N:8 7 H:2,0,119 [774]
   0   1  0  -2   1   0   0
   0   0  1  -1   0   0  -1
  -1   0  0   2   0  -1   1
   0  -1  0  -1   1   1   0
  -1   2  0   1  -1  -1   1
M:539 6 N:8 6 H:2,3,491 [2988]
  -1  0   0  2   1   0
  -1  0   1  1   0  -1
   0  0   0  1  -1   0
   0  1  -1  0  -1   1
  -1  1   0  0   1  -1
M:570 9 N:8 7 H:2,0,518 [3168]
  0   1   0  -1   0  0   0
  0   1   1  -3   0  0  -1
  0   1   0   0  -1  0   0
  1   0  -1   0  -1  0   1
  1  -2   0   0   1  1  -1
M:205 6 N:8 6 H:7,0,185 [1200]
   0   0  1  -1  0   0
   1   0  1  -1  0  -1
   0  -1  1   0  0  -1
  -1  -1  0   0  1   1
  -1   3  0   0  1  -1
M:262 12 N:8 7 H:2,0,239 [1494]
   0   0  1  -1   0  -1  0
   0  -1  0   2  -1   1  0
  -1   0  0   0   1   1  0
   0   0  0   1  -1   1  0
   2  -3  1   1  -2   0  1
M:199 8 N:8 7 H:2,0,182 [1152]
  -1  -1  1   1   0   0   0
  -1   1  1  -1   0   0   0
  -3   1  0   0   1   0  -1
   0  -1  1   0   0   0   1
  -3   4  0  -1  -1  -1  -2
M:732 9 N:8 7 H:2,0,662 [4032]
   1   0  -2   0  -1  1  0
   0   1   0  -1   0  0  0
  -1  -2   0   3   0  1  1
   0   1  -1   0   0  0  0
  -1   3   0   0  -1  2  2
M:1128 6 N:8 6 H:1,0,976 [5910]
   0  -1  0  0   1   0
   0   0  1  0  -1   0
   0  -1  0  1   0   0
   1  -3  0  1  -2  -1
  -1   3  0  0   2   0
M:146 8 N:8 7 H:2,0,135 [870]
   0   1   0   2  -2  -1  -1
   0   0  -1  -1   2   0   1
   1  -2   0   0   0   1   0
  -1   1   0   0   1  -1   0
  -1   1   0  -1   0   1   1
M:211 6 N:8 6 H:2,0,196 [1236]
  -1   0  -2   1   0  1
   0   4   0  -1  -1  0
   0   0  -2   0   1  1
   0  -1   1   0  -1  0
   1  -2   0   0   0  0
M:846 10 N:8 7 H:2,0,750 [4560]
  0   1   0   0   0  -1   0
  0   0   2  -1   1  -2   0
  0  -3  -1   1   0   3   0
  0   2   1   0   0  -3   0
  1  -2   0   0  -1  -1  -1
M:722 10 N:8 7 H:2,0,648 [3948]
  -1   0   1   0   0   0  0
  -2  -1  -1   2   1   0  0
   3   1  -3  -1   0   0  0
  -3   0   2   1   0   0  0
  -3   3   0  -2  -1  -1  1
M:636 10 N:8 7 H:2,0,575 [3510]
   1  -1   0   0   0  0   0
   0   0  -1   2   1  0   1
  -3   3   1  -3   0  0  -1
   2  -3   0   1   0  0   0
  -2   2   0   0  -1  1   0
M:120 7 N:8 7 H:2,0,111 [726]
   0  -3  -3   3   0  0  0
   0   1   0  -1  -1  0  1
   0   1  -1  -2  -1  0  2
   1  -1   0   2  -3  1  0
  -1   2   1  -1   0  0  0
M:716 10 N:8 7 H:2,0,640 [3900]
   0  -1  0   0   1   0  0
   0   0  1  -1   1  -1  0
   0  -3  0   1   0   1  0
  -1   0  1   0   3   0  1
  -1   4  0   1  -1   0  1
M:156 6 N:8 6 H:2,0,142 [912]
   1   0   1   0  -1  0
   1   1   3  -1  -1  0
   1  -1  -1   0   1  0
   2   1  -2  -1   1  0
  -3   3   1  -1  -1  1
M:78 7 N:8 7 H:2,0,70 [480]
  -1   0   0   1  -1  0   0
   0  -1   1  -1   0  1  -1
   0   0   1  -2   0  1   0
   1  -1  -1   0   0  1   0
  -2   2   1  -1   1  0  -1
M:156 9 N:8 7 H:2,0,142 [912]
  0   0   1   0  0  -1   0
  0   1  -1   0  1  -1   0
  0  -1   1  -2  0   0   2
  0  -1   1   1  0   0  -1
  1  -2   0   0  0   0  -1
M:237 10 N:8 7 H:2,0,218 [1368]
   0   0   1   0   1   1  -1
  -1   1  -1  -1   1  -1   1
   0  -2  -1  -1   0  -2   2
  -1   2   0  -1   1   0   0
  -2   4  -1  -1  -2  -2   2
M:585 6 N:8 6 H:1,0,507 [3096]
  0   0   1  -1   0   0
  0   0  -1  -1   2   0
  0  -1   1   1  -1   0
  1  -2   0  -2   0  -1
  1  -3   0  -3   0   0
M:192 9 N:8 7 H:2,0,174 [1104]
  -1  -1  1   0   1  -1  -1
  -2  -1  0   0   3   0   0
  -2  -1  0   1  -1   1  -1
  -2   4  1  -1   0  -1   0
  -1   1  0   0   0   0   0
M:300 6 N:8 6 H:2,0,270 [1680]
   2  -2   0   0   1  -1
   0   3  -2   1   0   1
  -2  -2   3  -2   0   0
   2   1  -3   2  -1   2
  -1   1   1  -1   0   0
M:131 6 N:8 6 H:2,0,126 [816]
  -1   0  -1   0   1  0
  -1  -1   1   1  -1  1
   1   1   0  -2   0  0
  -1  -2   2   1  -1  1
   2  -3   1   0   0  0
M:84 6 N:8 6 H:2,0,80 [540]
   0   1  -1  1  -1   0
  -1   0   2  0   0  -1
   0   3   0  0  -3   0
   1   0  -1  0  -1   1
   1  -1   0  1   0  -1
M:156 7 N:8 7 H:2,0,142 [912]
   0  -1  -1  -1  1   0   0
   1  -1   0   0  1  -2   0
   1  -1  -1   0  2  -3   0
  -1  -1   0  -1  1   0  -1
  -2   2   0   0  1  -2   0
M:117 8 N:8 7 H:2,0,106 [696]
   1   1  -1   0  -1   0   0
  -1  -1   1  -1   1   1  -1
   1   2  -1   1   0  -2   0
  -1  -1   0   0   2   1   0
  -1   2   1   0   0  -1  -1
M:78 6 N:8 6 H:2,0,70 [480]
   0  -1  -1   1   0  1
   1  -1   0  -3   0  1
  -1  -1   1  -1   1  0
   1   0   1  -2  -1  0
  -1   2   0   0   0  0
M:78 7 N:8 7 H:2,0,70 [480]
  -1  2  0   2   0  -1   0
  -1  0  1   0   1  -1   1
  -1  3  1   1   1  -2  -1
   0  0  0  -1   1   0   0
  -1  1  0   1  -1   1  -1
M:78 6 N:8 6 H:2,0,70 [480]
   0  -1  1   0   0   0
  -1   1  1   0   1  -1
   1   0  0   1  -2   0
   0  -2  0   2  -1   0
   1  -1  1  -1   1  -1
M:78 9 N:8 7 H:2,0,70 [480]
   0  -2   1   0  0   1  -1
  -1   1   1   0  0  -1   0
  -1   0   1  -1  0   1  -1
  -1   1   1   0  1  -1  -1
  -1   1  -1   1  0   0   0
M:78 7 N:8 7 H:2,0,70 [480]
   1   0  -1   0   1   0   0
  -1   2   0  -1  -1   0  -1
   0  -1   2  -1  -1   0   0
   1  -2   1   0   2   0  -1
  -2   2   1   0  -2  -1   0
M:78 10 N:8 7 H:2,0,70 [480]
  -1  0   1   2  -1  0  -1
   0  0   1   0  -1  0   0
   0  2  -1  -1   1  0  -1
  -1  1   1   0   0  1  -1
  -1  1  -1  -1   1  0   1
M:78 6 N:8 6 H:2,0,70 [480]
   0   1  1  -1   0   0
  -1  -2  2   0   1   0
  -1   2  2  -1   1  -1
   0   0  0   1  -1   0
  -1   2  0  -1   0   1
M:78 10 N:8 7 H:2,0,70 [480]
   0  2  -1  1   0  -1  -1
  -1  1   1  0   0  -1   0
   0  0   0  1   0   0  -1
  -1  0   1  0  -1   1   0
  -1  1  -1  0   1   0   0
