M:8 7 N:384 12 H:354,0,2 [2184]
  -1   1   0  1  -1   0   1
   0   0   1  0  -1   0   0
   0   0   0  1   0  -1   0
   2  -1   0  0   1  -1  -2
  -2   3  -1  1  -1   3   1
M:8 7 N:339 10 H:314,0,2 [1944]
  -1   1  -1  -1   1  -1  1
   1   0  -1   0   0   0  0
  -1   0   0  -1   0   0  1
  -1  -1   1   0  -2   2  0
  -3   3  -1   0   1  -2  1
M:8 6 N:259 6 H:250,0,2 [1560]
  -1  1  -1   1  -1   1
   0  0   1   0  -1   0
   0  0   0   1  -1   0
   2  0   0  -1   1  -2
  -2  3  -1   1  -1   1
M:8 7 N:390 12 H:360,0,2 [2220]
  -1   1   0   1   0  -1   1
   0   0   1  -1   0  -1   0
   0   0   0   1  -1   0   0
   2  -1   0  -1  -1   1  -2
  -2   3  -1   1   3  -1   1
M:8 7 N:378 12 H:350,0,2 [2160]
  -1   1   0  -1  -1   1  1
   0   0   1  -1   0   0  0
  -1   0   0   0   0   0  1
  -1  -1   0   1   2  -2  0
  -2   3  -1  -1  -2   1  1
M:8 7 N:378 10 H:350,0,2 [2160]
  -1   1   0  1  -1   1   0
   0   0   1  0  -1   0   0
   0   0   0  1   0   0  -1
   2  -1   0  0   1  -2  -1
  -2   3  -1  1  -1   1   2
M:8 7 N:381 12 H:353,0,2 [2178]
  -1   1   0  1  -1   0   1
  -1   0   1  0   0   0   0
   0   0   0  1   0  -1   0
   1  -1   0  0   2  -1  -2
  -2   3  -1  1  -2   3   1
M:8 7 N:400 12 H:366,0,2 [2256]
  -1   0   0   2  -1   1   1
   0   0   1   0  -1   0   0
   0  -1   0   1   0   0   0
   2  -1   0  -1   1  -2  -1
  -2   4  -1   3  -1   1   3
M:8 7 N:379 12 H:351,0,2 [2166]
  -1   1   0   1   0   1  -1
   0   0   1   0   0   0  -1
   0   0   0   1  -1   0   0
   2  -1   0  -1  -1  -2   1
  -2   3  -1  -1   3   1  -1
M:8 7 N:375 10 H:346,0,2 [2136]
  -1  -1   1   1   0   1  -1
   0  -2   0   0   1   0   0
   0  -1   1   0   0   0   0
   2   0  -1  -1   0  -2   1
  -2   3   1   1  -1   1  -1
M:8 7 N:433 12 H:396,0,2 [2436]
  -1   1   0  1   1  -1   0
  -1   0   1  0   0  -1   0
   0   0   0  1   0   0  -1
   2  -1   0  0  -2   1  -1
  -2   3  -1  1   2  -1   3
M:8 7 N:378 7 H:350,0,2 [2160]
  -1   1   0  1  -1   1  -1
   0   0   1  0  -1   0  -1
   0   0   0  1  -1   0   0
   2  -1   0  0  -1  -2   1
  -2   3  -1  1  -1   1  -1
M:8 6 N:378 6 H:350,0,2 [2160]
  -1   1   0   3  -1  -1
   0   0   1   0   0  -1
   0   0   0   1  -1   0
   2  -1   0  -1  -3   1
  -2   3  -1   1   1  -1
M:8 7 N:402 12 H:370,0,2 [2280]
  -1   1  -1  -1   1   0   1
   0  -1  -1  -1   0   1   0
   0   0  -1   0   1   0   0
   2  -1   0   1  -1   0  -2
  -2   3   1   0   1  -1   1
M:8 7 N:440 12 H:404,0,2 [2484]
  -1   0   0  -1  1   1   1
  -1  -1   1   0  0   0   0
   0  -1   0   0  1   0   0
   1  -1   0   2  0  -2  -1
  -2   4  -1  -2  1   1   3
M:8 7 N:318 10 H:298,0,2 [1848]
  -1   1   0  1  -1   1  -1
   0   0   1  0   0   0  -1
   0   0   0  1  -1   0   0
   2  -1   0  0  -1  -2   2
  -2   3  -1  1  -1   1  -1
M:8 7 N:272 12 H:252,0,2 [1572]
  -1   1   0  1  -1   1  -1
   0   0   1  0  -1   0   0
   0   0   0  1   0   0  -1
   2  -1   0  0   3  -2  -1
  -2   3  -1  1  -1   1  -1
M:8 7 N:407 7 H:370,0,2 [2280]
  -1   1   0   1   1  -1  -1
   0   0   1  -1   0  -1   0
  -1   0   0   1   0   0  -1
  -2  -1   0   0  -2   2  -1
  -2   3  -1   2   1  -1   0
M:8 7 N:428 12 H:390,0,2 [2400]
  -1   1  -1   2   0   0   1
   0   0  -1   0   4   1   0
   0   0   0   1  -1   0   0
   2  -1   1  -2  -1   0  -2
  -2   3  -1   1  -1  -1   1
M:8 7 N:353 12 H:324,0,2 [2004]
  -1   0  -1   0   1   1   1
   0   0  -1   3   0   0   0
   0  -1   0  -2   1   0   0
   2   0   1   0  -1  -2  -1
  -2   3  -1  -1   1   1   3
M:8 6 N:468 6 H:426,0,6 [2640]
   1  -1  -1  1   1  -1
   0   4  -1  0   0   0
   0  -1   0  1   0   0
  -1   0   1  0  -2   2
   3  -3  -1  0   1  -2
M:8 7 N:471 10 H:432,0,2 [2652]
  -1   0   0   1  -1   1   1
   0   0   1   0  -1   0   0
   0  -1   0   1   0   0   0
   2  -1   0  -2   1  -1  -2
  -2   3  -1   1  -1   1   2
M:8 7 N:450 10 H:414,0,2 [2544]
  -1   1   0   1   1   0  -1
   0   0   1   0   0   0  -1
   0   0   0   1  -1  -1   0
   2  -1   0  -3  -2   0   1
  -2   3  -1   1   1  -1  -1
M:8 7 N:378 10 H:350,0,2 [2160]
   1  -1   0  -1  -1   1   1
   0   0   1  -1   0   0   0
   1  -1   0   0   0   0   0
   0   0   0   1   2  -2  -1
  -3   3  -1  -1  -2   1   3
M:8 7 N:325 12 H:302,0,2 [1872]
   0  -1  1  -1   0   1   1
   1   0  0   0  -1   0   0
   0  -1  1   0   0   0   0
   0  -1  0   2   1  -1  -2
  -3   3  1  -2  -1  -1   1
M:8 7 N:426 10 H:391,0,2 [2406]
  -1   1   0  1   0   1   0
   0   0   1  0  -1   0   0
   0   0   0  1   0   0  -1
   2  -1  -2  0   1  -2  -1
  -2   4  -1  1   0   1   3
M:8 7 N:406 10 H:375,0,2 [2310]
  -1   1   0   1   0  -1   1
   0   0   1   0   0  -1   0
   0   0   0   1  -1   0   0
   2  -1   0  -1  -1   1  -2
  -3   3  -1  -1   3  -1   3
M:8 7 N:212 12 H:192,0,2 [1212]
  -1   4  -1   0   0   0  1
   0   0   1   0  -1   0  0
   0   1   0  -1   0   0  0
   1  -2   0   2   0  -1  0
  -2   2   0  -1   1   1  0
M:8 7 N:427 12 H:392,0,2 [2412]
   0  -1  1   0   0   0  -1
  -1   0  0  -1   0   0   1
   0   0  0   1   0  -1   0
   0   1  0  -2  -1   2   0
   1  -2  0   1   1  -1   0
M:8 7 N:487 9 H:442,0,2 [2712]
  -2   0  -1   0  1   0   0
   0   0   1   0  0  -1   0
   0   1   0  -1  0   0   0
   1  -2  -1   2  0  -1  -1
  -2   2   0  -1  0   1   1
M:8 7 N:395 8 H:362,0,2 [2232]
   0   0   0  1  -1   0   0
   0   0  -1  0   2   0   0
   0   1  -2  0   3   0  -1
   1  -2  -1  0   1  -1   2
  -2   2   1  0   0   1  -1
M:8 7 N:371 12 H:344,0,2 [2124]
   0   0  -1   0  1   0   0
   0   0   1  -1  0   0   0
   0   1   0   0  0   0  -1
   1  -2   0  -1  0  -1   2
  -2   2   0   1  0   1  -1
M:8 7 N:462 7 H:422,0,2 [2592]
  -1  -1  -1  1   0   0   0
   0   0   1  0  -1   0   0
   0   1   0  0   0   0  -1
   1  -2   0  0   0  -1   2
  -2   2   0  0   1   1  -1
M:8 7 N:354 7 H:329,0,2 [2034]
   0   0  -1  1   0   0  -2
   0   0   1  0  -1   0   0
   0   1   0  0   0  -1   0
   1  -2  -1  0   0   2  -1
  -2   2   0  0   1  -1   1
M:8 7 N:371 10 H:344,0,2 [2124]
   0   0  -1   0   0  1   0
   0   0   1  -1   0  0   0
   0   1   0   0   0  0  -1
   1  -2   1   0  -1  0   2
  -2   2  -2   1   1  0  -1
M:8 7 N:427 8 H:392,0,2 [2412]
   0   0  -1   0   1   0   0
   0   0   1  -1   0   0   0
   0   1   0   0   0  -1   0
   1  -2  -1   0   0   2  -1
  -2   2   0   1  -1  -1   1
M:8 7 N:350 12 H:326,0,2 [2016]
   0   0  -1   0   1   0   0
   0   0   1  -1   0   0   0
   0   1   0   0   0  -1   0
   1  -2   0   0   0   2  -1
  -2   2   0   1  -1  -1   1
M:8 7 N:591 9 H:536,0,2 [3276]
   0   0  -1   0  1   0   0
   0   0   1  -1  0   0   0
   0   1   0  -1  0  -1   0
   1  -2   0   0  0   2  -1
  -2   2   0  -1  0  -1   1
M:8 7 N:387 10 H:357,0,2 [2202]
  -1  -1  1   0   0   0  -1
   0   1  0   0   0  -1   0
   1   3  0  -1   0  -2   0
  -2   0  0   2  -1   0   1
   2  -2  0  -1   1   1  -2
M:8 7 N:462 9 H:422,0,2 [2592]
  -2   0  -1   0  1   0   0
   0   0   1   0  0   0  -1
   0   1   0  -1  0   0   0
   1  -2   1   2  0  -1  -1
  -2   2  -1  -1  0   1   1
M:8 7 N:390 10 H:360,0,2 [2220]
  -1  -3   3   0   0  1   0
  -1   0   1   0   0  0   0
   0   0   0   1   0  0  -1
   0   1   1  -2  -1  0   2
   1  -2  -1   1   1  0  -1
M:8 7 N:647 12 H:587,0,2 [3582]
  -1   0  -1   4   0   0  1
   0   0   1   0  -1   0  0
   0   1   0  -1   0   0  0
   1  -2   0   2   0  -1  0
  -2   2  -1  -1   1   1  0
M:8 7 N:234 12 H:214,0,2 [1344]
  -1   0  -1   3   0   0  1
   0   0   1   0  -1   0  0
   0   1   0  -1  -1   0  0
   1  -2   1   2   0  -1  0
  -2   2  -1  -1   1   1  0
M:8 7 N:346 12 H:321,0,2 [1986]
   0  -1   0  -1  1  -1  0
   0   1  -1   0  0   0  0
   1  -1   0   0  0  -1  0
  -2   1   0   1  0   2  0
   2  -3   1  -2  0  -1  1
M:8 7 N:397 8 H:364,0,2 [2244]
  -1   0  -1   0  -1   0  1
   0   0   1  -1   0   0  0
   0   1  -1   0   0  -1  0
   1  -2   0   0  -1   2  0
  -2   2  -1   1   1  -1  0
M:8 6 N:462 6 H:422,0,2 [2592]
  -1   0  -1   0  1   0
   0   0   1  -2  0   0
   0   1   0  -1  0   0
   1  -2   0   2  0  -1
  -2   2   0   0  0   1
M:8 7 N:495 8 H:450,0,2 [2760]
   0  -1   0  1  -1   0  -1
   0   0   1  0  -1   0   0
   0   1  -2  0   0  -1   0
   1  -2   2  0   0   2  -1
  -2   2   0  0   1  -1   1
M:8 7 N:366 12 H:333,0,2 [2058]
  -1   0  -1  1   0   0   0
   0   0   1  0  -1   0  -1
   0   1   0  0   0   0  -1
   1  -2   0  0  -2  -1   2
  -2   2   0  0   2   1  -1
M:8 7 N:491 10 H:450,0,2 [2760]
   0   0  1  -1   0   0   0
   0  -1  0   1   0   0   0
   1   0  0  -2   0   0  -1
  -1   0  0   2   1  -1   1
   2  -3  0   0  -2   1  -2
M:8 7 N:262 12 H:244,0,2 [1524]
   0   1  -1   0  1   0   0
   0   0   1  -1  0   0   0
   0   1   0   0  0   0  -1
   1  -1   0  -1  0  -1   2
  -2   2   0   1  0   1  -1
M:8 7 N:570 9 H:518,0,2 [3168]
  -1   0  1  -1   0   0   0
   0  -2  0   1   0   0  -1
   0   1  0   0  -1   0   0
   1  -2  0   0   2  -1   0
  -2   2  0   0  -1   1   0
M:8 7 N:435 12 H:401,0,2 [2466]
  0  -1  -1  1   0   0   0
  0   0   1  0  -1   0  -1
  1   0   0  0   0   0  -1
  0   1   0  0   0  -1   2
  1  -2  -1  0   1   1  -1
M:8 7 N:478 12 H:438,0,2 [2688]
  -1  -1   0   4  -1   0  1
   0   0   1   0  -1   0  0
   0   1   0  -1   0   0  0
   1  -2   0   2   0  -1  0
  -2   2  -1  -1   1   1  0
M:8 6 N:321 6 H:304,0,2 [1884]
  -1   0   0  -1  1   0
   0   0  -1   2  0   0
   0   1   0   0  0  -1
   1  -2  -1   0  0   2
  -2   2   1   0  0  -1
M:8 7 N:457 12 H:418,0,2 [2568]
   0  -1  1   0   0  -1   0
  -1   0  0   0  -1   1   0
   0   0  0  -1   1   2   0
   0   1  0   2  -1  -2  -1
   1  -2  0  -1   1   0   1
M:8 7 N:346 12 H:321,0,2 [1986]
   1   0  -1   0   0   0  1
   0  -1   1   0   0   0  0
   0   0   0   1   0  -1  0
   1  -1   0  -1  -1   2  0
  -2   2  -1   1   1  -1  0
M:8 6 N:312 6 H:286,0,2 [1776]
   0   1   3  -1  1  -3
   0   2   1  -1  0   0
   0  -1   0   1  0  -2
   0   1  -1   0  0   0
  -1   4   0  -1  1   1
M:8 7 N:312 7 H:286,0,2 [1776]
  -2   1  1  -1   0   0   0
  -1   2  0   0   1   0  -1
   0  -1  0  -1   0   0   1
   0   1  0   0  -1   0   0
  -1   4  1   1   0  -1  -1
M:8 7 N:219 10 H:204,0,2 [1284]
   0  1   0  -1   1  -1   1
   0  0  -1  -1   2   0   1
   0  0   0   1  -1  -1   0
   0  0   0   0   1   0  -1
  -1  1   1  -1   0   1   0
M:8 6 N:223 6 H:220,0,2 [1380]
  -1   1   3  -1  -1  1
   0   2   1  -1   0  0
   0  -1   0   1  -1  0
   0   1  -1   0   0  0
  -3   4   0  -1   1  1
M:8 7 N:468 10 H:426,0,2 [2616]
   0  -1  -1  -1  1   3   1
   0   0  -1   0  0   2   1
   0  -1   1   0  0  -1   0
   0   0   0  -1  0   1  -1
  -1   3  -1   1  1   0   0
M:8 6 N:407 6 H:370,0,2 [2280]
  -1   1  1  -1  -3   0
   0   1  0  -1   2   0
  -1   0  0   1  -1   0
   0  -1  0   0   2   0
  -3   4  1  -1   3  -1
M:8 7 N:397 10 H:364,0,2 [2244]
  -1   4  -1  1  -2   0  -1
   0   1  -1  0   1   0   0
  -1   2   1  0  -1   0   0
   0  -1   0  0   1   0   0
  -2   4  -1  1   3  -1  -1
M:8 7 N:299 10 H:277,0,2 [1722]
   0   4  -1  1  -1   2  -1
   0   2   0  0   0   1  -1
   0  -1  -1  0   0   0   1
   0  -1   0  0  -1   1   0
  -1   3   1  1   1  -1  -1
M:8 7 N:273 8 H:251,0,2 [1566]
   1   0   0  -1   0   0  0
  -1   1   2   0   0   0  0
  -1   2   1   0   1  -1  1
   0  -1  -1   0   1   0  0
  -1   2   0   0  -1   0  1
M:8 6 N:1081 6 H:935,0,1 [5664]
  -1  -1   2  -1   0   0
  -1   3  -1   0   0   0
   0   2  -1   0   0   0
   1   2  -2   3   2  -1
   1  -2   1   0  -1   0
M:8 6 N:1167 6 H:1009,0,1 [6108]
  -1  -2   2  -1   0   0
  -1   3  -1   0   0   0
   0   2  -1   0   0   0
   1   2   0   1   2  -1
   1  -2   1   0  -1   0
M:8 7 N:403 10 H:370,0,2 [2280]
  -1  -2   2   1   0  -1  -1
  -1   3   0  -1   0  -1   0
   0   2   0  -1   0   0   0
   1  -2   2   0  -1   4   1
   1  -2  -1   1   0   0   0
M:8 6 N:984 6 H:851,0,1 [5160]
   2  -1  -1   1   0   0
  -1   3   0  -1   0   0
   0   2   0  -1   0   0
   2  -1   0   4  -1   0
   2  -2   0   1   0  -1
M:8 7 N:486 10 H:444,0,2 [2724]
  -2   2  -1   0   1  0   0
   3  -1   0   0  -1  0   0
   2  -1   0  -1   0  0   0
  -3   4   0   0   1  1  -1
  -2   1   0  -1   1  0   0
M:8 7 N:299 8 H:276,0,2 [1716]
   0   1  0   0  -1   2  -1
   0  -1  1   1   0  -1  -1
   0   0  0   1   0   0  -1
   0   0  0   2   2  -3  -1
  -1   2  1  -1   0   1   0
M:8 7 N:434 12 H:398,0,2 [2448]
   0   2  0  -1   0   0   1
   0  -1  1  -1   1   0   0
   0   0  1  -1   0   0   0
   0  -3  2  -1   0   1  -1
  -1   4  0   0  -1  -1   1
M:8 6 N:894 6 H:804,0,4 [4896]
   0  0  -1   0   2  -1
   0  1  -2   1   0  -3
   0  0   0   1   0  -1
   0  0   2   2  -3  -1
  -1  1   0  -1   1   0
M:8 7 N:193 9 H:176,0,2 [1116]
   0  0  -1  -1   1  -1   2
   0  1   0   1   0  -1  -1
   0  0  -1   1   0  -1   0
   0  0   2   2  -1  -1  -3
  -1  2   0  -1   1   0   1
M:8 7 N:231 8 H:212,0,2 [1332]
   0   2  -1  0   1  -1   0
   1   0  -1  1   0  -1   0
   1   0   0  0   0  -1   0
   1  -3   2  0  -1  -1   0
  -3   2   0  1   1  -2  -1
M:8 6 N:246 6 H:236,0,2 [1476]
  -1  0  -1   2   0   0
  -1  1   0  -1   1   0
  -1  0   0   0   1   0
  -1  0   2  -2   1   0
  -2  3   0   1  -1  -1
M:8 7 N:228 8 H:210,0,2 [1320]
   0   0   1   0   1  -2  -1
   0  -1   0  -2  -1   3   1
   0   1   0  -1   0   1   0
   0   0  -1   1   1  -1   0
  -1   3   1  -1  -1   2   0
M:8 7 N:299 10 H:276,0,2 [1716]
   0  -3  -1   0   1   0   1
   0   0   1  -1   0   0  -1
   0   1   0   1   0  -1   0
   0   0   0  -1  -1   1   1
  -1   2   0   2   1   0  -1
M:8 7 N:309 8 H:282,0,2 [1752]
  -1   1   0  -2   0   0   1
   1   0  -1   1   0   0  -1
   0   0   1   1  -1   0   0
   0  -1   0  -3   1   0   1
  -2   3   1   2   0  -1   1
M:8 7 N:172 8 H:158,0,2 [1008]
   0   1  -2   0  -1   1   0
   0   0   1   0   1  -1  -1
   0   0   1  -1   0   0   1
   0  -1  -1   1   0   1  -2
  -1   3   1  -1  -1  -1   1
M:8 7 N:351 8 H:322,0,2 [1992]
   0   0   1   1   0  -1  -1
   0  -1   0  -1   0   1   0
   0   1   0   0   1   0  -1
   0   0  -1   1  -1   0   1
  -1   3   1  -1   1  -1  -1
M:8 7 N:211 7 H:196,0,2 [1236]
   0  -2   1   0  -1   0   1
   0   1   0   0   1  -1  -1
   0   1   0  -2   0   1   0
   0  -1  -1   1   0   0   1
  -1   2   1   0   0   1  -1
M:8 7 N:171 10 H:158,0,2 [1008]
  -1  -2   0   0   1   1  -1
   1   1  -1   0   0  -1   0
   0   1   1  -1   0   0   0
   0  -1   0   1  -1   1   0
  -2   2   1  -1   2  -1  -1
M:8 7 N:383 10 H:354,0,2 [2184]
   0  -1  -2   0   1   1  -1
  -1  -1   1   0   0  -1   1
   0   1   1  -1   0   0   0
   0   0  -1   1  -1   1   0
  -1   1   1  -1   1  -1   0
M:8 7 N:311 8 H:284,0,2 [1764]
  -1   0  1   0   1  -2  -1
   0  -1  1   0   0   1   1
   0   1  0  -1   0   1   0
   0   0  1   1  -1  -1   0
  -1   1  0  -1   1   1   0
M:8 7 N:129 12 H:119,0,2 [774]
   0   1  0  -2   1   0   0
   0   0  1  -1   0   0  -1
  -1   0  0   2   0  -1   1
   0  -1  0  -1   1   1   0
  -1   2  0   1  -1  -1   1
M:8 6 N:539 6 H:491,3,2 [2988]
  -1  0   0  2   1   0
  -1  0   1  1   0  -1
   0  0   0  1  -1   0
   0  1  -1  0  -1   1
  -1  1   0  0   1  -1
M:8 7 N:570 9 H:518,0,2 [3168]
  0   1   0  -1   0  0   0
  0   1   1  -3   0  0  -1
  0   1   0   0  -1  0   0
  1   0  -1   0  -1  0   1
  1  -2   0   0   1  1  -1
M:8 6 N:205 6 H:185,0,7 [1200]
   0   0  1  -1  0   0
   1   0  1  -1  0  -1
   0  -1  1   0  0  -1
  -1  -1  0   0  1   1
  -1   3  0   0  1  -1
M:8 7 N:262 12 H:239,0,2 [1494]
   0   0  1  -1   0  -1  0
   0  -1  0   2  -1   1  0
  -1   0  0   0   1   1  0
   0   0  0   1  -1   1  0
   2  -3  1   1  -2   0  1
M:8 7 N:199 8 H:182,0,2 [1152]
  -1  -1  1   1   0   0   0
  -1   1  1  -1   0   0   0
  -3   1  0   0   1   0  -1
   0  -1  1   0   0   0   1
  -3   4  0  -1  -1  -1  -2
M:8 7 N:732 9 H:662,0,2 [4032]
   1   0  -2   0  -1  1  0
   0   1   0  -1   0  0  0
  -1  -2   0   3   0  1  1
   0   1  -1   0   0  0  0
  -1   3   0   0  -1  2  2
M:8 6 N:1128 6 H:976,0,1 [5910]
   0  -1  0  0   1   0
   0   0  1  0  -1   0
   0  -1  0  1   0   0
   1  -3  0  1  -2  -1
  -1   3  0  0   2   0
M:8 7 N:146 8 H:135,0,2 [870]
   0   1   0   2  -2  -1  -1
   0   0  -1  -1   2   0   1
   1  -2   0   0   0   1   0
  -1   1   0   0   1  -1   0
  -1   1   0  -1   0   1   1
M:8 6 N:211 6 H:196,0,2 [1236]
  -1   0  -2   1   0  1
   0   4   0  -1  -1  0
   0   0  -2   0   1  1
   0  -1   1   0  -1  0
   1  -2   0   0   0  0
M:8 7 N:846 10 H:750,0,2 [4560]
  0   1   0   0   0  -1   0
  0   0   2  -1   1  -2   0
  0  -3  -1   1   0   3   0
  0   2   1   0   0  -3   0
  1  -2   0   0  -1  -1  -1
M:8 7 N:722 10 H:648,0,2 [3948]
  -1   0   1   0   0   0  0
  -2  -1  -1   2   1   0  0
   3   1  -3  -1   0   0  0
  -3   0   2   1   0   0  0
  -3   3   0  -2  -1  -1  1
M:8 7 N:636 10 H:575,0,2 [3510]
   1  -1   0   0   0  0   0
   0   0  -1   2   1  0   1
  -3   3   1  -3   0  0  -1
   2  -3   0   1   0  0   0
  -2   2   0   0  -1  1   0
M:8 7 N:120 7 H:111,0,2 [726]
   0  -3  -3   3   0  0  0
   0   1   0  -1  -1  0  1
   0   1  -1  -2  -1  0  2
   1  -1   0   2  -3  1  0
  -1   2   1  -1   0  0  0
M:8 7 N:716 10 H:640,0,2 [3900]
   0  -1  0   0   1   0  0
   0   0  1  -1   1  -1  0
   0  -3  0   1   0   1  0
  -1   0  1   0   3   0  1
  -1   4  0   1  -1   0  1
M:8 6 N:156 6 H:142,0,2 [912]
   1   0   1   0  -1  0
   1   1   3  -1  -1  0
   1  -1  -1   0   1  0
   2   1  -2  -1   1  0
  -3   3   1  -1  -1  1
M:8 7 N:78 7 H:70,0,2 [480]
  -1   0   0   1  -1  0   0
   0  -1   1  -1   0  1  -1
   0   0   1  -2   0  1   0
   1  -1  -1   0   0  1   0
  -2   2   1  -1   1  0  -1
M:8 7 N:156 9 H:142,0,2 [912]
  0   0   1   0  0  -1   0
  0   1  -1   0  1  -1   0
  0  -1   1  -2  0   0   2
  0  -1   1   1  0   0  -1
  1  -2   0   0  0   0  -1
M:8 7 N:237 10 H:218,0,2 [1368]
   0   0   1   0   1   1  -1
  -1   1  -1  -1   1  -1   1
   0  -2  -1  -1   0  -2   2
  -1   2   0  -1   1   0   0
  -2   4  -1  -1  -2  -2   2
M:8 6 N:585 6 H:507,0,1 [3096]
  0   0   1  -1   0   0
  0   0  -1  -1   2   0
  0  -1   1   1  -1   0
  1  -2   0  -2   0  -1
  1  -3   0  -3   0   0
M:8 7 N:192 9 H:174,0,2 [1104]
  -1  -1  1   0   1  -1  -1
  -2  -1  0   0   3   0   0
  -2  -1  0   1  -1   1  -1
  -2   4  1  -1   0  -1   0
  -1   1  0   0   0   0   0
M:8 6 N:300 6 H:270,0,2 [1680]
   2  -2   0   0   1  -1
   0   3  -2   1   0   1
  -2  -2   3  -2   0   0
   2   1  -3   2  -1   2
  -1   1   1  -1   0   0
M:8 6 N:131 6 H:126,0,2 [816]
  -1   0  -1   0   1  0
  -1  -1   1   1  -1  1
   1   1   0  -2   0  0
  -1  -2   2   1  -1  1
   2  -3   1   0   0  0
M:8 6 N:84 6 H:80,0,2 [540]
   0   1  -1  1  -1   0
  -1   0   2  0   0  -1
   0   3   0  0  -3   0
   1   0  -1  0  -1   1
   1  -1   0  1   0  -1
M:8 7 N:156 7 H:142,0,2 [912]
   0  -1  -1  -1  1   0   0
   1  -1   0   0  1  -2   0
   1  -1  -1   0  2  -3   0
  -1  -1   0  -1  1   0  -1
  -2   2   0   0  1  -2   0
M:8 7 N:117 8 H:106,0,2 [696]
   1   1  -1   0  -1   0   0
  -1  -1   1  -1   1   1  -1
   1   2  -1   1   0  -2   0
  -1  -1   0   0   2   1   0
  -1   2   1   0   0  -1  -1
M:8 6 N:78 6 H:70,0,2 [480]
   0  -1  -1   1   0  1
   1  -1   0  -3   0  1
  -1  -1   1  -1   1  0
   1   0   1  -2  -1  0
  -1   2   0   0   0  0
M:8 7 N:78 7 H:70,0,2 [480]
  -1  2  0   2   0  -1   0
  -1  0  1   0   1  -1   1
  -1  3  1   1   1  -2  -1
   0  0  0  -1   1   0   0
  -1  1  0   1  -1   1  -1
M:8 6 N:78 6 H:70,0,2 [480]
   0  -1  1   0   0   0
  -1   1  1   0   1  -1
   1   0  0   1  -2   0
   0  -2  0   2  -1   0
   1  -1  1  -1   1  -1
M:8 7 N:78 9 H:70,0,2 [480]
   0  -2   1   0  0   1  -1
  -1   1   1   0  0  -1   0
  -1   0   1  -1  0   1  -1
  -1   1   1   0  1  -1  -1
  -1   1  -1   1  0   0   0
